    0 	     1
    1 	     1
    2 	     1
    3 	     1
    4 	     3
    5 	     1
    6 	     3
    7 	     1
    8 	     1
    9 	     1
   10 	     3
   11 	     9
   12 	     9
   13 	     1
   14 	     3
   15 	     1
   16 	     3
   17 	     5
   18 	     1
   19 	    11
   20 	     5
   21 	     7
   22 	     1
   23 	     1
   24 	     9
   25 	     1
   26 	     3
   27 	    17
   28 	     1
   29 	     3
   30 	     1
   31 	    25
   32 	     3
   33 	     1
   34 	     3
   35 	    27
   36 	     3
   37 	     1
   38 	    29
   39 	     5
   40 	     1
   41 	     5
   42 	    31
   43 	     5
   44 	     3
   45 	     7
   46 	    12
   47 	    39
   48 	     3
   49 	     7
   50 	    12
   51 	    47
   52 	     1
   53 	     7
   54 	    14
   55 	     1
   56 	     3
   57 	     1
   58 	    16
   59 	     1
   60 	     1
   61 	    16
   62 	     3
   63 	     1
   64 	     3
   65 	     3
   66 	     3
   67 	     1
   68 	     3
   69 	     1
   70 	     3
   71 	     9
   72 	    24
   73 	     9
   74 	     3
   75 	     9
   76 	    17
   77 	     1
   78 	     1
   79 	     9
   80 	     1
   81 	    24
   82 	     1
   83 	    17
   84 	     9
   85 	    32
   86 	     1
   87 	    17
   88 	    25
   89 	    25
   90 	     1
   91 	     1
   92 	     1
   93 	     1
   94 	     3
   95 	    17
   96 	     9
   97 	    32
   98 	     3
   99 	     1
  100 	     1
  101 	     1
  102 	     1
  103 	     1
  104 	    17
  105 	    11
  106 	    32
  107 	     3
  108 	    19
  109 	    40
  110 	    25
  111 	     9
  112 	     3
  113 	    25
  114 	    27
  115 	     1
  116 	    40
  117 	    25
  118 	    11
  119 	     1
  120 	     1
  121 	    25
  122 	    13
  123 	     3
  124 	     1
  125 	     3
  126 	    27
  127 	    15
  128 	    27
  129 	     3
  130 	    29
  131 	     3
  132 	     5
  133 	     1
  134 	    37
  135 	     1
  136 	     9
  137 	    35
  138 	     3
  139 	    12
  140 	    45
  141 	     5
  142 	     3
  143 	    12
  144 	     9
  145 	    45
  146 	     3
  147 	     9
  148 	    14
  149 	     1
  150 	     3
  151 	    11
  152 	    37
  153 	    14
  154 	     1
  155 	     1
  156 	     1
  157 	    16
  158 	     5
  159 	     1
  160 	     5
  161 	    45
  162 	    16
  163 	     1
  164 	     1
  165 	     1
  166 	     1
  167 	     1
  168 	     1
  169 	    16
  170 	    16
  171 	    24
  172 	     1
  173 	     3
  174 	    47
  175 	     3
  176 	    18
  177 	     3
  178 	     7
  179 	     3
  180 	     9
  181 	     7
  182 	    32
  183 	    18
  184 	     9
  185 	    16
  186 	    34
  187 	     3
  188 	     1
  189 	     3
  190 	    16
  191 	    55
  192 	    20
  193 	    63
  194 	     1
  195 	    34
  196 	    18
  197 	     7
  198 	     3
  199 	     1
  200 	    22
  201 	     9
  202 	    15
  203 	    26
  204 	     9
  205 	    63
  206 	     1
  207 	     9
  208 	    30
  209 	    17
  210 	    26
  211 	    11
  212 	     1
  213 	     1
  214 	    28
  215 	     1
  216 	     1
  217 	    65
  218 	     3
  219 	    17
  220 	     1
  221 	     3
  222 	    30
  223 	     5
  224 	     1
  225 	     1
  226 	     5
  227 	     3
  228 	    30
  229 	    12
  230 	    17
  231 	    73
  232 	     1
  233 	     3
  234 	     9
  235 	    38
  236 	     1
  237 	     9
  238 	     9
  239 	     3
  240 	     9
  241 	    38
  242 	     1
  243 	     1
  244 	    11
  245 	     9
  246 	    40
  247 	     3
  248 	     1
  249 	     9
  250 	    11
  251 	    48
  252 	     3
  253 	    48
  254 	    19
  255 	     9
  256 	    17
  257 	     1
  258 	     1
  259 	    56
  260 	    26
  261 	     9
  262 	     9
  263 	    64
  264 	    28
  265 	     1
  266 	     3
  267 	    19
  268 	     3
  269 	    66
  270 	     1
  271 	    11
  272 	     3
  273 	     5
  274 	     2
  275 	     3
  276 	     5
  277 	     1
  278 	     9
  279 	     9
  280 	    12
  281 	     3
  282 	     6
  283 	    19
  284 	    17
  285 	     5
  286 	    12
  287 	    25
  288 	    12
  289 	     1
  290 	     1
  291 	     1
  292 	    21
  293 	    27
  294 	    14
  295 	     7
  296 	     1
  297 	    29
  298 	    14
  299 	    21
  300 	     3
  301 	     3
  302 	     3
  303 	    37
  304 	     9
  305 	    14
  306 	     3
  307 	    29
  308 	    15
  309 	    45
  310 	     3
  311 	    14
  312 	    45
  313 	    11
  314 	     1
  315 	    14
  316 	     3
  317 	     5
  318 	    47
  319 	    15
  320 	     1
  321 	    49
  322 	     3
  323 	     5
  324 	     1
  325 	     5
  326 	    13
  327 	    57
  328 	    21
  329 	     1
  330 	    12
  331 	    15
  332 	    57
  333 	    12
  334 	     9
  335 	     1
  336 	    65
  337 	    23
  338 	     3
  339 	    14
  340 	    11
  341 	    67
  342 	     1
  343 	     1
  344 	     3
  345 	    69
  346 	     1
  347 	    23
  348 	    16
  349 	    13
  350 	    23
  351 	    69
  352 	     1
  353 	     1
  354 	    24
  355 	    13
  356 	    77
  357 	     1
  358 	    25
  359 	    77
  360 	     3
  361 	     3
  362 	    26
  363 	     9
  364 	    21
  365 	     1
  366 	    79
  367 	     3
  368 	    21
  369 	    28
  370 	     3
  371 	    81
  372 	    27
  373 	    27
  374 	     3
  375 	    89
  376 	    36
  377 	     3
  378 	    21
  379 	    89
  380 	     3
  381 	     1
  382 	    27
  383 	    38
  384 	    91
  385 	    21
  386 	     3
  387 	    93
  388 	     5
  389 	     3
  390 	    21
  391 	     1
  392 	    29
  393 	    95
  394 	     7
  395 	    11
  396 	    19
  397 	    95
  398 	     9
  399 	    37
  400 	    15
  401 	     1
  402 	    29
  403 	   103
  404 	    23
  405 	    11
  406 	    37
  407 	   103
  408 	     1
  409 	     3
  410 	    25
  411 	   105
  412 	    13
  413 	    25
  414 	     3
  415 	    39
  416 	     5
  417 	   107
  418 	    27
  419 	    15
  420 	    39
  421 	   115
  422 	    23
  423 	    12
  424 	    27
  425 	     3
  426 	   123
  427 	    31
  428 	    41
  429 	    14
  430 	    59
  431 	     1
  432 	     5
  433 	    33
  434 	    59
  435 	    43
  436 	     1
  437 	     7
  438 	    14
  439 	    61
  440 	    35
  441 	     1
  442 	     1
  443 	     3
  444 	    13
  445 	    69
  446 	    43
  447 	     3
  448 	    22
  449 	    43
  450 	    21
  451 	    77
  452 	     3
  453 	    45
  454 	     1
  455 	    24
  456 	    79
  457 	     1
  458 	    47
  459 	     3
  460 	    15
  461 	     1
  462 	     1
  463 	    26
  464 	    49
  465 	    15
  466 	     5
  467 	     3
  468 	     3
  469 	    23
  470 	     9
  471 	    26
  472 	    12
  473 	    49
  474 	     9
  475 	    23
  476 	    57
  477 	    12
  478 	     1
  479 	     9
  480 	    28
  481 	    25
  482 	    57
  483 	    12
  484 	     3
  485 	    27
  486 	    11
  487 	    59
  488 	    12
  489 	    30
  490 	     1
  491 	     1
  492 	    13
  493 	    61
  494 	    14
  495 	     3
  496 	     1
  497 	    22
  498 	    38
  499 	    13
  500 	    61
  501 	     1
  502 	     3
  503 	    13
  504 	     1
  505 	     3
  506 	    63
  507 	    40
  508 	     5
  509 	    13
  510 	     1
  511 	     3
  512 	    65
  513 	     7
  514 	    42
  515 	     1
  516 	    13
  517 	     5
  518 	     1
  519 	     7
  520 	     1
  521 	    73
  522 	    50
  523 	    12
  524 	    15
  525 	     1
  526 	     1
  527 	    13
  528 	     1
  529 	    21
  530 	    12
  531 	    16
  532 	    75
  533 	    15
  534 	    50
  535 	     3
  536 	     1
  537 	    16
  538 	    20
  539 	     1
  540 	    23
  541 	     3
  542 	    77
  543 	     1
  544 	    52
  545 	     1
  546 	     1
  547 	    29
  548 	    20
  549 	    25
  550 	     3
  551 	     1
  552 	     1
  553 	     1
  554 	    85
  555 	     3
  556 	    93
  557 	    28
  558 	     1
  559 	     5
  560 	    27
  561 	    54
  562 	     3
  563 	    62
  564 	    36
  565 	     2
  566 	    93
  567 	     1
  568 	    29
  569 	    27
  570 	     2
  571 	    44
  572 	    93
  573 	     4
  574 	     3
  575 	     9
  576 	     9
  577 	     9
  578 	    52
  579 	    10
  580 	   101
  581 	    60
  582 	    62
  583 	     9
  584 	    17
  585 	    18
  586 	     3
  587 	   109
  588 	    27
  589 	    68
  590 	    26
  591 	    29
  592 	    62
  593 	    26
  594 	    45
  595 	    70
  596 	     5
  597 	    62
  598 	    28
  599 	    19
  600 	    29
  601 	    72
  602 	    47
  603 	    36
  604 	    55
  605 	    70
  606 	    27
  607 	    80
  608 	    36
  609 	    55
  610 	    72
  611 	     7
  612 	    82
  613 	    38
  614 	     7
  615 	    29
  616 	    55
  617 	    40
  618 	    74
  619 	    84
  620 	    37
  621 	    48
  622 	    63
  623 	    76
  624 	    20
  625 	    56
  626 	    35
  627 	    71
  628 	    28
  629 	    84
  630 	    45
  631 	     7
  632 	    56
  633 	    35
  634 	    79
  635 	    28
  636 	    20
  637 	    31
  638 	     1
  639 	     9
  640 	    81
  641 	    47
  642 	     1
  643 	     1
  644 	    22
  645 	    17
  646 	     1
  647 	     1
  648 	    24
  649 	    11
  650 	    49
  651 	    19
  652 	     1
  653 	    32
  654 	     1
  655 	    19
  656 	     1
  657 	    49
  658 	     1
  659 	    32
  660 	    39
  661 	    11
  662 	     1
  663 	    21
  664 	    19
  665 	     1
  666 	     1
  667 	     3
  668 	    23
  669 	    51
  670 	     3
  671 	     3
  672 	     1
  673 	     3
  674 	     9
  675 	     3
  676 	    23
  677 	    43
  678 	    51
  679 	    19
  680 	     3
  681 	     3
  682 	    11
  683 	    23
  684 	     5
  685 	     3
  686 	    53
  687 	     1
  688 	    13
  689 	     5
  690 	    19
  691 	    43
  692 	    51
  693 	    51
  694 	     9
  695 	     9
  696 	     3
  697 	    13
  698 	     9
  699 	    13
  700 	    61
  701 	    17
  702 	     9
  703 	     5
  704 	    12
  705 	    25
  706 	    21
  707 	    11
  708 	    19
  709 	    27
  710 	    69
  711 	    25
  712 	    13
  713 	    23
  714 	    25
  715 	    14
  716 	    13
  717 	    25
  718 	    71
  719 	    27
  720 	    21
  721 	    79
  722 	    14
  723 	    35
  724 	    33
  725 	    29
  726 	    43
  727 	    16
  728 	    35
  729 	    31
  730 	    81
  731 	     1
  732 	    18
  733 	    37
  734 	     1
  735 	     1
  736 	    18
  737 	     3
  738 	    37
  739 	    83
  740 	     1
  741 	    27
  742 	    35
  743 	     3
  744 	    26
  745 	    37
  746 	     1
  747 	    83
  748 	    39
  749 	     3
  750 	    43
  751 	     1
  752 	    34
  753 	    39
  754 	     5
  755 	     3
  756 	     1
  757 	    85
  758 	    41
  759 	    39
  760 	    12
  761 	     5
  762 	     1
  763 	     1
  764 	     1
  765 	    12
  766 	     7
  767 	    85
  768 	     1
  769 	     3
  770 	    12
  771 	     1
  772 	     3
  773 	    15
  774 	    93
  775 	     1
  776 	    12
  777 	     3
  778 	    17
  779 	     5
  780 	    95
  781 	    14
  782 	    19
  783 	     5
  784 	     5
  785 	    16
  786 	    53
  787 	    19
  788 	     1
  789 	     1
  790 	    61
  791 	    95
  792 	     5
  793 	    18
  794 	    19
  795 	     3
  796 	    69
  797 	    26
  798 	    12
  799 	     9
  800 	    95
  801 	    27
  802 	     1
  803 	    34
  804 	    77
  805 	    17
  806 	    18
  807 	    29
  808 	    95
  809 	    36
  810 	    19
  811 	    31
  812 	     1
  813 	     3
  814 	     1
  815 	    97
  816 	    21
  817 	    33
  818 	     3
  819 	     1
  820 	     1
  821 	    33
  822 	    99
  823 	    13
  824 	     1
  825 	     1
  826 	    41
  827 	     9
  828 	    99
  829 	     3
  830 	    21
  831 	     1
  832 	    49
  833 	    11
  834 	   101
  835 	     5
  836 	     1
  837 	    51
  838 	     1
  839 	     3
  840 	    19
  841 	     9
  842 	    37
  843 	     1
  844 	     3
  845 	    21
  846 	     9
  847 	     1
  848 	    23
  849 	    37
  850 	    23
  851 	     1
  852 	    17
  853 	     3
  854 	     1
  855 	    31
  856 	    37
  857 	     3
  858 	    17
  859 	     3
  860 	     3
  861 	    31
  862 	    39
  863 	    17
  864 	     1
  865 	    31
  866 	     5
  867 	    41
  868 	     1
  869 	    19
  870 	    23
  871 	     1
  872 	    33
  873 	     7
  874 	    31
  875 	    27
  876 	    49
  877 	     3
  878 	    33
  879 	     9
  880 	    27
  881 	    17
  882 	     3
  883 	    57
  884 	    33
  885 	    35
  886 	    17
  887 	     5
  888 	    59
  889 	    33
  890 	     3
  891 	     1
  892 	    19
  893 	     3
  894 	     5
  895 	    59
  896 	     1
  897 	    19
  898 	     7
  899 	    33
  900 	    61
  901 	     1
  902 	    19
  903 	     9
  904 	    35
  905 	    61
  906 	     1
  907 	    27
  908 	     9
  909 	     9
  910 	    43
  911 	     1
  912 	    27
  913 	    33
  914 	    63
  915 	    43
  916 	    33
  917 	    33
  918 	     1
  919 	    35
  920 	     1
  921 	     9
  922 	     3
  923 	    35
  924 	     1
  925 	    43
  926 	     5
  927 	     3
  928 	    12
  929 	    35
  930 	     9
  931 	    43
  932 	    43
  933 	     1
  934 	    41
  935 	     9
  936 	    51
  937 	    45
  938 	     3
  939 	     1
  940 	    11
  941 	     1
  942 	    51
  943 	    45
  944 	     1
  945 	    11
  946 	    53
  947 	     1
  948 	     1
  949 	    43
  950 	    13
  951 	     1
  952 	     3
  953 	    21
  954 	     3
  955 	     1
  956 	     9
  957 	    21
  958 	     1
  959 	     3
  960 	     1
  961 	    51
  962 	    47
  963 	     1
  964 	     9
  965 	    29
  966 	     3
  967 	     3
  968 	    31
  969 	     5
  970 	     5
  971 	    14
  972 	    11
  973 	    47
  974 	     3
  975 	    39
  976 	     5
  977 	     1
  978 	     1
  979 	    22
  980 	    11
  981 	    39
  982 	    12
  983 	     1
  984 	    19
  985 	    47
  986 	     9
